0.00000000000000000e+000  2.00000243789013950e+000
1.99999999999999980e-001  1.99999843207747310e+000
3.99999999999999970e-001  1.99998641463947350e+000
5.99999999999999980e-001  1.99990981889475060e+000
7.99999999999999930e-001  1.99943852756773240e+000
1.00000000000000000e+000  1.99677215248836080e+000
1.20000000000000000e+000  1.98336328521036980e+000
1.40000000000000010e+000  1.92650991773158050e+000
1.59999999999999990e+000  1.73869501957738510e+000
1.79999999999999980e+000  1.30446587550604320e+000
2.00000000000000000e+000  6.95534124493992540e-001
2.20000000000000020e+000  2.61304980422882690e-001
2.39999999999999990e+000  7.34900822705880090e-002
2.60000000000000010e+000  1.66367148069046750e-002
2.80000000000000030e+000  3.22784764698844310e-003
3.00000000000000000e+000  5.61473472067577350e-004
3.19999999999999970e+000  9.01889091011407320e-005
3.39999999999999990e+000  1.36423089475125910e-005
3.59999999999999960e+000  1.96946015608703200e-006
3.79999999999999980e+000  2.73931975392069350e-007
4.00000000000000000e+000  3.69641055290541680e-008
4.20000000000000020e+000  4.86885303051013160e-009
4.40000000000000040e+000  6.66263230669197540e-010
4.59999999999999960e+000  3.92593992948350020e-010
4.79999999999999980e+000  2.44183363568316250e-009
5.00000000000000000e+000  1.84829630090531300e-008
5.20000000000000020e+000  1.36966098226438930e-007
5.40000000000000040e+000  9.84730091323959680e-007
5.60000000000000050e+000  6.82115447533698200e-006
5.80000000000000070e+000  4.50944545507569030e-005
6.00000000000000000e+000  2.80736736033810360e-004
6.19999999999999930e+000  1.61392382349422420e-003
6.39999999999999950e+000  8.31835740345233420e-003
6.59999999999999960e+000  3.67450411352939700e-002
6.79999999999999980e+000  1.30652490211441100e-001
7.00000000000000000e+000  3.47767062246994330e-001
7.19999999999999930e+000  6.52232937753005730e-001
7.40000000000000040e+000  8.69347509788559010e-001
7.59999999999999960e+000  9.63254958864706360e-001
7.80000000000000070e+000  9.91681642596547790e-001
8.00000000000000000e+000  9.98386076176505650e-001
8.20000000000000110e+000  9.99719263263965430e-001
8.40000000000000040e+000  9.99954905545440980e-001
8.60000000000000140e+000  9.99993178845453130e-001
8.80000000000000070e+000  9.99999015269319780e-001
9.00000000000000000e+000  9.99999863029111040e-001
9.19999999999999930e+000  9.99999981478609020e-001
9.39999999999999860e+000  9.99999997254731770e-001
9.59999999999999960e+000  9.99999997254731990e-001
9.79999999999999890e+000  9.99999981478609130e-001
1.00000000000000000e+001  9.99999863029111150e-001
1.01999999999999990e+001  9.99999015269319560e-001
1.04000000000000000e+001  9.99993178845453130e-001
1.06000000000000000e+001  9.99954905545440860e-001
1.08000000000000010e+001  9.99719263263965100e-001
1.10000000000000000e+001  9.98386076176505770e-001
1.12000000000000010e+001  9.91681642596547790e-001
1.14000000000000000e+001  9.63254958864706020e-001
1.16000000000000010e+001  8.69347509788558900e-001
1.18000000000000010e+001  6.52232937753005610e-001
1.20000000000000000e+001  3.47767062246994390e-001
1.21999999999999990e+001  1.30652490211441040e-001
1.23999999999999990e+001  3.67450411352929290e-002
1.26000000000000000e+001  8.31835740344347850e-003
1.27999999999999990e+001  1.61392382342053350e-003
1.30000000000000000e+001  2.80736735426951610e-004
1.31999999999999990e+001  4.50944496124278880e-005
1.34000000000000000e+001  6.82111483164432010e-006
1.36000000000000000e+001  9.84416762793904580e-007
1.38000000000000010e+001  1.34533993377454190e-007
1.40000000000000000e+001  0.00000000000000000e+000
