0.00000000000000000e+000  8.26562075418916290e+000
1.99999999999999980e-001  8.25540923753313470e+000
3.99999999999999970e-001  8.22493263363704410e+000
5.99999999999999980e-001  8.17466127996412340e+000
7.99999999999999930e-001  8.10536749625034500e+000
1.00000000000000000e+000  8.01810854384976680e+000
1.20000000000000000e+000  7.91420340634232660e+000
1.40000000000000010e+000  7.79520400747093770e+000
1.59999999999999990e+000  7.66286162831602800e+000
1.79999999999999980e+000  7.51908940967204750e+000
2.00000000000000000e+000  7.36592192399132360e+000
2.20000000000000020e+000  7.20547287074915310e+000
2.39999999999999990e+000  7.03989198715106750e+000
2.60000000000000010e+000  6.87132227111314990e+000
2.80000000000000030e+000  6.70185858476393650e+000
3.00000000000000000e+000  6.53350864480716890e+000
3.19999999999999970e+000  6.36815731259362390e+000
3.39999999999999990e+000  6.20753497453946230e+000
3.59999999999999960e+000  6.05319065666474470e+000
3.79999999999999980e+000  5.90647035071048430e+000
4.00000000000000000e+000  5.76850084972589360e+000
4.20000000000000020e+000  5.64017920519298330e+000
4.40000000000000040e+000  5.52216773318972990e+000
4.59999999999999960e+000  5.41489432149374390e+000
4.79999999999999980e+000  5.31855763041681580e+000
5.00000000000000000e+000  5.23313664446721650e+000
5.20000000000000020e+000  5.15840392558903550e+000
5.40000000000000040e+000  5.09394184626612210e+000
5.60000000000000050e+000  5.03916104502089550e+000
5.80000000000000070e+000  4.99332034863013340e+000
6.00000000000000000e+000  4.95554744345093570e+000
6.19999999999999930e+000  4.92485964920133230e+000
6.39999999999999950e+000  4.90018424697512690e+000
6.59999999999999960e+000  4.88037793207164670e+000
6.79999999999999980e+000  4.86424509296320200e+000
7.00000000000000000e+000  4.85055475120554650e+000
7.19999999999999930e+000  4.83805612396072600e+000
7.40000000000000040e+000  4.82549288219050700e+000
7.59999999999999960e+000  4.81161626579406040e+000
7.80000000000000070e+000  4.79519727606468130e+000
8.00000000000000000e+000  4.77503819213467470e+000
8.20000000000000110e+000  4.74998365045782920e+000
8.40000000000000040e+000  4.71893148647113140e+000
8.60000000000000140e+000  4.68084346967692340e+000
8.80000000000000070e+000  4.63475597417890130e+000
9.00000000000000000e+000  4.57979052478175940e+000
9.19999999999999930e+000  4.51516405396895410e+000
9.39999999999999860e+000  4.44019860772140080e+000
9.59999999999999960e+000  4.35433015817638490e+000
9.79999999999999890e+000  4.25711612728360670e+000
1.00000000000000000e+001  4.14824120465031590e+000
1.01999999999999990e+001  4.02752105883659790e+000
1.04000000000000000e+001  3.89490359559548560e+000
1.06000000000000000e+001  3.75046750686890510e+000
1.08000000000000010e+001  3.59441797553170520e+000
1.10000000000000000e+001  3.42707954490366660e+000
1.12000000000000010e+001  3.24888631868260890e+000
1.14000000000000000e+001  3.06036981449967180e+000
1.16000000000000010e+001  2.86214494052944520e+000
1.18000000000000010e+001  2.65489468770556990e+000
1.20000000000000000e+001  2.43935421969006900e+000
1.21999999999999990e+001  2.21629509067130660e+000
1.23999999999999990e+001  1.98651032212217780e+000
1.26000000000000000e+001  1.75080102206676800e+000
1.27999999999999990e+001  1.50996513604422740e+000
1.30000000000000000e+001  1.26478878324886580e+000
1.31999999999999990e+001  1.01604046289599430e+000
1.34000000000000000e+001  7.64468225940162500e-001
1.36000000000000000e+001  5.10799708860691040e-001
1.38000000000000010e+001  2.55744733150007670e-001
1.40000000000000000e+001  1.20824939326493020e-015
