6.540897348598405436e+00
1.243189495161463576e+01
8.453586973099067592e+00
3.495854923738575537e-01
-5.052576940215681489e+00
-5.995946544984718241e-01
-6.411289560448475200e+00
-6.292004907396538727e+00
-2.570143090026589250e-01
1.162217738545337298e+01
1.259371743961255774e+01
8.314920581071507666e-01
-3.029824733842274131e+00
-5.924109510599300243e-01
-9.538331549109003715e-01
-3.326098599776594611e-02
-3.956122043439358471e+00
-2.283349226947016142e+00
1.016106458532933310e+01
1.126385064886967768e+01
1.915272763081212526e+00
2.570948757597205869e+00
1.939914779736584771e+00
7.513333426952891747e-01
-5.154797702690916417e+00
-1.060204108692970415e+01
-7.585734301769782029e+00
-1.140989379003754411e+00
1.260519590717137817e+01
4.974362194532596426e+00
3.028721520204760709e-01
7.620068322537679073e+00
-6.536681742899017045e-02
-9.607097095215324511e-01
-1.216352554994233515e+01
-6.931008298556194269e+00
7.619629785605775751e+00
4.350155263835438824e+00
7.732494196258492991e+00
4.055171519816462400e+00
8.245690739247176992e+00
-3.801143254578464692e+00
-5.865468528571643247e+00
-1.314985427766557002e+01
-7.877271112175220580e+00
8.218020255570062105e+00
5.827339109085424518e+00
1.699551399662041051e+00
2.813122813003050116e+00
4.229006369192505943e+00
1.554387484273953746e+01
-6.186588626777058231e+00
-1.020173659928385668e+01
-7.363972070721375829e+00
3.285968433680576783e+00
1.798440383421339162e+00
-2.834413743250891571e+00
6.173229495157049662e+00
1.124350365893598358e+01
4.167503132392956111e+00
7.320001929130548479e-01
-9.361777975593460255e+00
-4.350923052748449038e+00
-2.339239448855456871e-02
1.359049382757218094e-01
-3.701810798183465812e-01
-1.586730107815445656e+00
1.577086754422529324e+01
5.897317407653367205e+00
-4.680980387599714909e+00
-2.618738597153288161e+00
-3.233928201765784660e+00
-2.995272069344775634e+00
-6.230950413475075500e+00
-1.118030073050593654e+00
6.646759708851645243e+00
1.058087069945513825e+01
8.643460962705143302e+00
-5.958921791024692993e+00
-1.333793621174360311e+01
-3.901467110425834495e+00
7.379126933420104173e+00
-5.466955288734560270e+00
-5.834937969004347913e+00
-2.909499485954856635e+00
1.374470036570437514e+01
1.283109360116231201e+01
5.386228864719356579e+00
2.516466889385783112e+00
-1.464523855960342402e-01
-6.457036638515453397e+00
-4.404020639993912134e+00
-1.019752887817439113e+00
-4.048285352078689669e+00
9.330264894854277458e+00
1.746296544643475501e+00
1.303916204252333566e+00
-8.385618081630099141e+00
1.145805973669252964e+00
-2.479093582027148912e+00
-4.809163281909603072e+00
-1.278978217830702846e+01
1.253754214951580681e-01
6.948753096138766239e+00
-1.988001381466197592e-01
7.382544022667489436e+00
6.536048957882994337e+00
4.454790776901504046e+00
-3.139356782606105511e+00
-1.047406560042322887e+01
-1.168884584053798648e+01
7.447960285201757458e+00
7.708417084638660377e+00
2.847895525094047198e+00
5.375294579593168365e+00
3.901609269433856220e+00
5.525954468141180520e+00
-2.730946330478484896e+00
-7.664325760340443772e+00
-1.359946168770419916e+01
3.034001656116428691e+00
6.138441012047699985e+00
3.827495280572285719e+00
-5.975686028573326425e+00
-8.458723418344920031e-01
3.562651367147207537e+00
4.068698498977506794e+00
-5.212107861822997457e+00
-7.543951707657560846e+00
7.492842892515282349e-01
5.351529830149383216e+00
1.053739175479341483e+00
-4.882110852760925823e+00
4.383095747518274798e+00
3.649036904073855059e+00
3.117063831392974382e-01
-1.159658940827260842e+01
-3.494619948874174487e+00
-2.409341208904720144e+00
-1.542222064564249928e+00
-1.292048523475801458e+00
2.987808375823939766e+00
5.858390652191197923e+00
6.102764016368370292e+00
5.885656283845489334e+00
-3.224659262086908562e+00
-9.313089123823415250e+00
-6.911733603256829950e-01
-5.297930866927722526e+00
-3.028839491009497564e+00
9.371078435379478933e+00
6.702829782704777806e+00
9.128717552150421355e+00
2.953953677138570377e+00
-1.197368033896823292e+01
-6.390918181197632109e+00
7.488832261611445829e-02
2.499529977663905445e-01
4.118582534834316355e+00
1.500891489437083282e+00
